# unix_time, cycles_done, cur_path, paths_total, pending_total, pending_favs, map_size, unique_crashes, unique_hangs, max_depth, execs_per_sec
1553398412, 0, 0, 2, 2, 2, 0.04%, 0, 0, 1, 122.14
1553398417, 0, 0, 14, 14, 2, 0.04%, 0, 0, 2, 128.84
1553398422, 0, 0, 21, 21, 2, 0.05%, 0, 0, 2, 138.00
1553398428, 0, 0, 26, 26, 2, 0.05%, 0, 0, 2, 142.49
1553398433, 0, 0, 30, 30, 2, 0.05%, 0, 0, 2, 133.36
1553398438, 0, 0, 32, 32, 2, 0.05%, 0, 0, 2, 147.15
1553398448, 0, 0, 33, 33, 2, 0.05%, 0, 0, 2, 121.22
1553398459, 0, 0, 34, 34, 2, 0.05%, 0, 0, 2, 152.52
1553398469, 0, 0, 35, 35, 2, 0.05%, 0, 0, 2, 155.92
1553398479, 0, 0, 36, 36, 2, 0.05%, 0, 0, 2, 120.78
1553398597, 0, 24, 36, 35, 3, 0.05%, 0, 0, 2, 166.86
1553398607, 0, 28, 36, 34, 2, 0.05%, 0, 0, 2, 150.14
1553398612, 0, 33, 36, 33, 1, 0.05%, 0, 0, 2, 133.30
1553398623, 1, 4, 36, 32, 0, 0.05%, 0, 0, 2, 129.32
1553398643, 1, 5, 36, 31, 0, 0.05%, 0, 0, 2, 118.04
1553398664, 1, 6, 36, 30, 0, 0.05%, 0, 0, 2, 152.88
1553398684, 1, 10, 36, 29, 0, 0.05%, 0, 0, 2, 153.74
1553398699, 1, 16, 36, 28, 0, 0.05%, 0, 0, 2, 153.36
1553398715, 1, 18, 36, 27, 0, 0.05%, 0, 0, 2, 158.30
1553398730, 1, 28, 36, 26, 0, 0.05%, 0, 0, 2, 150.85
1553398735, 1, 29, 36, 26, 0, 0.05%, 0, 0, 2, 123.23
1553398755, 1, 34, 36, 25, 0, 0.05%, 0, 0, 2, 97.84
1553398776, 2, 9, 36, 24, 0, 0.05%, 0, 0, 2, 77.62
1553398807, 2, 15, 36, 23, 0, 0.05%, 0, 0, 2, 82.36
1553398822, 2, 19, 36, 22, 0, 0.05%, 0, 0, 2, 88.56
1553398853, 2, 20, 36, 21, 0, 0.05%, 0, 0, 2, 108.08
1553398873, 2, 22, 36, 20, 0, 0.05%, 0, 0, 2, 96.31
1553398904, 2, 23, 36, 19, 0, 0.05%, 0, 0, 2, 72.34
1553398914, 2, 24, 36, 18, 0, 0.05%, 0, 0, 2, 77.26
1553398919, 2, 28, 36, 18, 0, 0.05%, 0, 0, 2, 69.57
1553398924, 2, 31, 36, 18, 0, 0.05%, 0, 0, 2, 79.21
1553399042, 2, 32, 36, 17, 0, 0.05%, 0, 0, 2, 90.74
1553399119, 2, 33, 36, 16, 0, 0.05%, 0, 0, 2, 69.54
1553399124, 2, 35, 36, 16, 0, 0.05%, 0, 0, 2, 82.79
1553399139, 3, 0, 36, 15, 0, 0.05%, 0, 0, 2, 79.26
1553399145, 3, 1, 36, 15, 0, 0.05%, 0, 0, 2, 83.23
1553399155, 3, 7, 36, 14, 0, 0.05%, 0, 0, 2, 83.74
1553399196, 3, 17, 36, 13, 0, 0.05%, 0, 0, 2, 84.41
1553399216, 3, 24, 36, 12, 0, 0.05%, 0, 0, 2, 82.65
1553399221, 3, 26, 36, 12, 0, 0.05%, 0, 0, 2, 73.76
1553399242, 3, 28, 36, 11, 0, 0.05%, 0, 0, 2, 69.14
1553399247, 3, 31, 36, 11, 0, 0.05%, 0, 0, 2, 71.57
1553399252, 3, 33, 36, 11, 0, 0.05%, 0, 0, 2, 75.52
1553399258, 4, 3, 36, 11, 0, 0.05%, 0, 0, 2, 62.44
1553399299, 4, 11, 36, 10, 0, 0.05%, 0, 0, 2, 80.71
1553399340, 4, 21, 36, 9, 0, 0.05%, 0, 0, 2, 75.26
1553399391, 4, 24, 36, 8, 0, 0.05%, 0, 0, 2, 73.24
1553399396, 4, 26, 36, 8, 0, 0.05%, 0, 0, 2, 80.25
1553399401, 4, 33, 36, 8, 0, 0.05%, 0, 0, 2, 65.31
1553399406, 5, 7, 36, 8, 0, 0.05%, 0, 0, 2, 63.17
1553399417, 5, 21, 36, 8, 0, 0.05%, 0, 0, 2, 69.86
1553399427, 5, 27, 36, 8, 0, 0.05%, 0, 0, 2, 70.52
1553399473, 5, 28, 36, 7, 0, 0.05%, 0, 0, 2, 63.65
1553399478, 6, 12, 36, 7, 0, 0.05%, 0, 0, 2, 66.10
1553399520, 6, 28, 36, 6, 0, 0.05%, 0, 0, 2, 73.70
1553399525, 6, 33, 36, 6, 0, 0.05%, 0, 0, 2, 67.73
1553399530, 7, 4, 36, 6, 0, 0.05%, 0, 0, 2, 69.44
1553399535, 7, 7, 36, 6, 0, 0.05%, 0, 0, 2, 69.63
1553399545, 7, 24, 36, 6, 0, 0.05%, 0, 0, 2, 69.45
1553399550, 7, 25, 36, 6, 0, 0.05%, 0, 0, 2, 67.88
1553399638, 7, 28, 36, 5, 0, 0.05%, 0, 0, 2, 61.70
1553399643, 7, 33, 36, 5, 0, 0.05%, 0, 0, 2, 62.87
1553399648, 8, 8, 36, 5, 0, 0.05%, 0, 0, 2, 68.81
1553399684, 8, 24, 36, 4, 0, 0.05%, 0, 0, 2, 69.37
1553399689, 8, 28, 36, 4, 0, 0.05%, 0, 0, 2, 68.00
1553399695, 9, 17, 36, 4, 0, 0.05%, 0, 0, 2, 69.34
1553399700, 9, 24, 36, 4, 0, 0.05%, 0, 0, 2, 69.62
1553399705, 9, 28, 36, 4, 0, 0.05%, 0, 0, 2, 63.50
1553399710, 9, 33, 36, 4, 0, 0.05%, 0, 0, 2, 62.15
1553399715, 9, 34, 36, 4, 0, 0.05%, 0, 0, 2, 62.92
1553399725, 10, 24, 36, 4, 0, 0.05%, 0, 0, 2, 64.61
1553399731, 10, 28, 36, 4, 0, 0.05%, 0, 0, 2, 60.91
1553399736, 10, 31, 36, 4, 0, 0.05%, 0, 0, 2, 58.53
1553399746, 11, 2, 36, 4, 0, 0.05%, 0, 0, 2, 68.51
1553399792, 11, 18, 36, 3, 0, 0.05%, 0, 0, 2, 71.12
1553399797, 11, 24, 36, 3, 0, 0.05%, 0, 0, 2, 70.83
1553399802, 11, 28, 36, 3, 0, 0.05%, 0, 0, 2, 63.23
1553399807, 11, 32, 36, 3, 0, 0.05%, 0, 0, 2, 60.98
1553399818, 11, 33, 36, 3, 0, 0.05%, 0, 0, 2, 66.72
1553399823, 12, 11, 36, 3, 0, 0.05%, 0, 0, 2, 64.01
1553399833, 12, 24, 36, 3, 0, 0.05%, 0, 0, 2, 57.05
1553399838, 12, 26, 36, 3, 0, 0.05%, 0, 0, 2, 56.71
1553399843, 12, 27, 36, 3, 0, 0.05%, 0, 0, 2, 60.52
1553399854, 12, 28, 36, 3, 0, 0.05%, 0, 0, 2, 55.69
1553399859, 13, 13, 36, 3, 0, 0.05%, 0, 0, 2, 56.85
1553399905, 13, 24, 36, 2, 0, 0.05%, 0, 0, 2, 68.60
1553399910, 13, 28, 36, 2, 0, 0.05%, 0, 0, 2, 61.29
1553399915, 14, 5, 36, 2, 0, 0.05%, 0, 0, 2, 65.25
1553399925, 14, 6, 36, 2, 0, 0.05%, 0, 0, 2, 63.29
1553399936, 14, 28, 36, 2, 0, 0.05%, 0, 0, 2, 66.62
1553399941, 14, 33, 36, 2, 0, 0.05%, 0, 0, 2, 62.33
1553399946, 15, 13, 36, 2, 0, 0.05%, 0, 0, 2, 61.56
1553399956, 15, 14, 36, 2, 0, 0.05%, 0, 0, 2, 61.18
1553399967, 15, 24, 36, 1, 0, 0.05%, 0, 0, 2, 61.92
1553399972, 15, 27, 36, 1, 0, 0.05%, 0, 0, 2, 64.01
1553399977, 15, 28, 36, 1, 0, 0.05%, 0, 0, 2, 62.20
1553399982, 15, 30, 36, 1, 0, 0.05%, 0, 0, 2, 60.97
1553400115, 16, 20, 36, 0, 0, 0.05%, 0, 0, 2, 66.48
1553400126, 16, 24, 36, 0, 0, 0.05%, 0, 0, 2, 60.72
1553400131, 16, 28, 36, 0, 0, 0.05%, 0, 0, 2, 62.04
1553400136, 16, 33, 36, 0, 0, 0.05%, 0, 0, 2, 63.64
1553400141, 17, 10, 36, 0, 0, 0.05%, 0, 0, 2, 65.31
1553400146, 17, 21, 36, 0, 0, 0.05%, 0, 0, 2, 63.92
1553400156, 17, 24, 36, 0, 0, 0.05%, 0, 0, 2, 67.42
1553400162, 17, 33, 36, 0, 0, 0.05%, 0, 0, 2, 66.00
1553400167, 18, 24, 36, 0, 0, 0.05%, 0, 0, 2, 63.74
1553400172, 18, 28, 36, 0, 0, 0.05%, 0, 0, 2, 64.91
1553400177, 18, 33, 36, 0, 0, 0.05%, 0, 0, 2, 62.38
1553400182, 19, 17, 36, 0, 0, 0.05%, 0, 0, 2, 63.01
1553400187, 19, 24, 36, 0, 0, 0.05%, 0, 0, 2, 59.35
1553400192, 19, 28, 36, 0, 0, 0.05%, 0, 0, 2, 52.58
1553400198, 19, 33, 36, 0, 0, 0.05%, 0, 0, 2, 56.02
1553400203, 20, 0, 36, 0, 0, 0.05%, 0, 0, 2, 62.47
1553400208, 20, 17, 36, 0, 0, 0.05%, 0, 0, 2, 64.06
1553400213, 20, 20, 36, 0, 0, 0.05%, 0, 0, 2, 64.63
1553400229, 20, 24, 36, 0, 0, 0.05%, 0, 0, 2, 43.77
1553400234, 20, 28, 36, 0, 0, 0.05%, 0, 0, 2, 53.31
1553400239, 21, 8, 36, 0, 0, 0.05%, 0, 0, 2, 61.52
1553400254, 21, 24, 36, 0, 0, 0.05%, 0, 0, 2, 59.70
1553400259, 21, 33, 36, 0, 0, 0.05%, 0, 0, 2, 61.25
1553400264, 22, 24, 36, 0, 0, 0.05%, 0, 0, 2, 63.90
1553400270, 22, 26, 36, 0, 0, 0.05%, 0, 0, 2, 65.12
1553400275, 22, 28, 36, 0, 0, 0.05%, 0, 0, 2, 63.93
1553400280, 22, 33, 36, 0, 0, 0.05%, 0, 0, 2, 63.45
1553400285, 23, 24, 36, 0, 0, 0.05%, 0, 0, 2, 64.60
1553400290, 23, 32, 36, 0, 0, 0.05%, 0, 0, 2, 63.27
1553400301, 23, 33, 36, 0, 0, 0.05%, 0, 0, 2, 63.88
1553400306, 24, 18, 36, 0, 0, 0.05%, 0, 0, 2, 61.27
1553400316, 24, 24, 36, 0, 0, 0.05%, 0, 0, 2, 62.93
1553400321, 24, 25, 36, 0, 0, 0.05%, 0, 0, 2, 60.95
1553400331, 24, 28, 36, 0, 0, 0.05%, 0, 0, 2, 52.18
1553400337, 24, 33, 36, 0, 0, 0.05%, 0, 0, 2, 51.09
1553400342, 25, 3, 36, 0, 0, 0.05%, 0, 0, 2, 57.56
1553400352, 25, 18, 36, 0, 0, 0.05%, 0, 0, 2, 66.65
1553400362, 25, 28, 36, 0, 0, 0.05%, 0, 0, 2, 63.56
1553400367, 25, 33, 36, 0, 0, 0.05%, 0, 0, 2, 58.95
1553400372, 26, 2, 36, 0, 0, 0.05%, 0, 0, 2, 59.36
1553400382, 26, 25, 36, 0, 0, 0.05%, 0, 0, 2, 67.45
1553400393, 26, 28, 36, 0, 0, 0.05%, 0, 0, 2, 66.54
1553400398, 27, 10, 36, 0, 0, 0.05%, 0, 0, 2, 67.29
1553400408, 27, 24, 36, 0, 0, 0.05%, 0, 0, 2, 68.97
1553400413, 27, 28, 36, 0, 0, 0.05%, 0, 0, 2, 66.66
1553400418, 27, 29, 36, 0, 0, 0.05%, 0, 0, 2, 65.31
1553400428, 27, 33, 36, 0, 0, 0.05%, 0, 0, 2, 58.92
1553400434, 28, 5, 36, 0, 0, 0.05%, 0, 0, 2, 61.51
1553400439, 28, 24, 36, 0, 0, 0.05%, 0, 0, 2, 62.79
1553400444, 28, 28, 36, 0, 0, 0.05%, 0, 0, 2, 60.23
1553400449, 28, 33, 36, 0, 0, 0.05%, 0, 0, 2, 64.63
1553400454, 29, 7, 36, 0, 0, 0.05%, 0, 0, 2, 63.89
1553400459, 29, 23, 36, 0, 0, 0.05%, 0, 0, 2, 63.36
1553400464, 29, 24, 36, 0, 0, 0.05%, 0, 0, 2, 53.77
1553400470, 29, 26, 36, 0, 0, 0.05%, 0, 0, 2, 64.03
1553400475, 29, 28, 36, 0, 0, 0.05%, 0, 0, 2, 67.08
1553400480, 29, 33, 36, 0, 0, 0.05%, 0, 0, 2, 67.57
1553400485, 29, 34, 36, 0, 0, 0.05%, 0, 0, 2, 68.34
1553400495, 30, 1, 36, 0, 0, 0.05%, 0, 0, 2, 64.34
1553400500, 30, 28, 36, 0, 0, 0.05%, 0, 0, 2, 57.35
